 

stn;time;tre200d0;qtre200d0;mtre200d0
CRM;20140101;2.6;0;0
CRM;20140102;3.1;0;0
CRM;20140103;4.4;0;0
CRM;20140104;5.0;0;0
CRM;20140105;3.9;0;0
CRM;20140106;2.4;0;0
CRM;20140107;5.7;0;0
CRM;20140108;5.6;0;0
CRM;20140109;6.1;0;0
CRM;20140110;5.9;0;0
CRM;20140111;3.8;0;0
CRM;20140112;3.3;0;0
CRM;20140113;4.8;0;0
CRM;20140114;4.5;0;0
CRM;20140115;2.1;0;0
CRM;20140116;2.9;0;0
CRM;20140117;2.5;0;0
CRM;20140118;2.6;0;0
CRM;20140119;2.6;0;0
CRM;20140120;4.2;0;0
CRM;20140121;3.8;0;0
CRM;20140122;2.5;0;0
CRM;20140123;2.7;0;0
CRM;20140124;1.9;0;0
CRM;20140125;0.3;0;0
CRM;20140126;4.9;0;0
CRM;20140127;3.8;0;0
CRM;20140128;0.3;0;-17
CRM;20140129;0.0;0;0
CRM;20140130;0.4;0;0
CRM;20140131;-0.3;0;0
CRM;20140201;0.6;0;0
CRM;20140202;2.6;0;0
CRM;20140203;3.4;0;0
CRM;20140204;2.1;0;0
CRM;20140205;2.9;0;0
CRM;20140206;4.6;0;-1
CRM;20140207;3.3;0;0
CRM;20140208;3.8;0;0
CRM;20140209;4.5;0;0
CRM;20140210;4.3;0;0
CRM;20140211;4.0;0;0
CRM;20140212;5.0;0;0
CRM;20140213;6.0;0;0
CRM;20140214;3.9;0;0
CRM;20140215;4.9;0;0
CRM;20140216;4.1;0;0
CRM;20140217;2.2;0;0
CRM;20140218;2.3;0;-8
CRM;20140219;4.2;0;-1
CRM;20140220;5.3;0;0
CRM;20140221;5.2;0;0
CRM;20140222;4.4;0;0
CRM;20140223;4.8;0;0
CRM;20140224;2.2;0;0
CRM;20140225;4.1;0;0
CRM;20140226;5.5;0;0
CRM;20140227;4.3;0;0
CRM;20140228;4.7;0;0
CRM;20140301;3.8;0;0
CRM;20140302;3.9;0;0
CRM;20140303;3.3;0;-1
CRM;20140304;3.9;0;0
CRM;20140305;5.9;0;0
CRM;20140306;6.2;0;0
CRM;20140307;5.4;0;0
CRM;20140308;8.7;0;0
CRM;20140309;7.0;0;0
CRM;20140310;7.1;0;0
CRM;20140311;8.7;0;0
CRM;20140312;6.7;0;0
CRM;20140313;7.3;0;0
CRM;20140314;7.4;0;0
CRM;20140315;7.1;0;0
CRM;20140316;9.5;0;0
CRM;20140317;9.0;0;0
CRM;20140318;11.0;0;0
CRM;20140319;11.3;0;0
CRM;20140320;10.1;0;0
CRM;20140321;11.3;0;0
CRM;20140322;8.2;0;0
CRM;20140323;5.0;0;0
CRM;20140324;3.3;0;0
CRM;20140325;3.0;0;0
CRM;20140326;4.6;0;0
CRM;20140327;5.4;0;0
CRM;20140328;7.3;0;0
CRM;20140329;8.6;0;0
CRM;20140330;10.0;0;0
CRM;20140331;10.0;0;0
CRM;20140401;10.8;0;0
CRM;20140402;11.6;0;0
CRM;20140403;12.0;0;0
CRM;20140404;13.1;0;0
CRM;20140405;13.8;0;0
CRM;20140406;13.1;0;0
CRM;20140407;12.5;0;0
CRM;20140408;12.4;0;0
CRM;20140409;10.8;0;0
CRM;20140410;12.1;0;0
CRM;20140411;12.6;0;0
CRM;20140412;14.1;0;0
CRM;20140413;14.4;0;0
CRM;20140414;11.4;0;0
CRM;20140415;8.5;0;0
CRM;20140416;8.3;0;0
CRM;20140417;9.1;0;0
CRM;20140418;6.4;0;0
CRM;20140419;5.4;0;0
CRM;20140420;10.2;0;0
CRM;20140421;10.7;0;0
CRM;20140422;12.5;0;0
CRM;20140423;14.7;0;0
CRM;20140424;15.6;0;0
CRM;20140425;13.4;0;0
CRM;20140426;13.6;0;0
CRM;20140427;10.0;0;0
CRM;20140428;8.1;0;0
CRM;20140429;9.4;0;0
CRM;20140430;9.8;0;0
CRM;20140501;10.8;0;0
CRM;20140502;11.6;0;0
CRM;20140503;9.1;0;0
CRM;20140504;9.6;0;0
CRM;20140505;11.1;0;0
CRM;20140506;12.3;0;0
CRM;20140507;12.6;0;0
CRM;20140508;14.0;0;0
CRM;20140509;15.7;0;0
CRM;20140510;15.8;0;0
CRM;20140511;11.2;0;0
CRM;20140512;9.2;0;0
CRM;20140513;8.3;0;0
CRM;20140514;8.7;0;0
CRM;20140515;8.6;0;0
CRM;20140516;12.0;0;0
CRM;20140517;13.7;0;0
CRM;20140518;14.0;0;0
CRM;20140519;17.0;0;0
CRM;20140520;16.6;0;0
CRM;20140521;18.6;0;0
CRM;20140522;16.8;0;0
CRM;20140523;14.2;0;0
CRM;20140524;14.8;0;0
CRM;20140525;16.2;0;0
CRM;20140526;13.3;0;0
CRM;20140527;13.2;0;0
CRM;20140528;13.7;0;0
CRM;20140529;13.8;0;0
CRM;20140530;14.4;0;0
CRM;20140531;14.1;0;0
CRM;20140601;15.1;0;0
CRM;20140602;16.1;0;0
CRM;20140603;15.3;0;0
CRM;20140604;13.5;0;0
CRM;20140605;14.7;0;-1
CRM;20140606;17.1;0;0
CRM;20140607;20.3;0;0
CRM;20140608;22.1;0;0
CRM;20140609;22.9;0;0
CRM;20140610;23.2;0;0
CRM;20140611;22.7;0;0
CRM;20140612;22.5;0;0
CRM;20140613;21.6;0;0
CRM;20140614;19.3;0;0
CRM;20140615;18.3;0;0
CRM;20140616;19.0;0;0
CRM;20140617;18.2;0;0
CRM;20140618;18.4;0;0
CRM;20140619;18.2;0;0
CRM;20140620;18.3;0;-1
CRM;20140621;18.8;0;-1
CRM;20140622;20.0;0;0
CRM;20140623;18.7;0;0
CRM;20140624;17.9;0;0
CRM;20140625;17.9;0;-1
CRM;20140626;18.1;0;-4
CRM;20140627;18.8;0;0
CRM;20140628;18.9;0;0
CRM;20140629;16.1;0;0
CRM;20140630;15.3;0;0
CRM;20140701;17.1;0;-1
CRM;20140702;15.2;0;0
CRM;20140703;17.6;0;0
CRM;20140704;19.2;0;0
CRM;20140705;19.3;0;0
CRM;20140706;20.8;0;0
CRM;20140707;18.1;0;0
CRM;20140708;14.6;0;0
CRM;20140709;13.4;0;0
CRM;20140710;12.4;0;0
CRM;20140711;16.5;0;0
CRM;20140712;17.6;0;-10
CRM;20140713;18.1;0;0
CRM;20140714;18.5;0;0
CRM;20140715;19.6;0;0
CRM;20140716;20.5;0;0
CRM;20140717;22.3;0;0
CRM;20140718;22.8;0;0
CRM;20140719;22.5;0;0
CRM;20140720;19.2;0;0
CRM;20140721;16.7;0;0
CRM;20140722;18.0;0;0
CRM;20140723;21.5;0;0
CRM;20140724;20.4;0;-10
CRM;20140725;19.0;0;-6
CRM;20140726;17.0;0;0
CRM;20140727;18.9;0;0
CRM;20140728;18.3;0;0
CRM;20140729;16.9;0;0
CRM;20140730;17.5;0;0
CRM;20140731;20.4;0;0
CRM;20140801;20.5;0;0
CRM;20140802;20.5;0;0
CRM;20140803;18.2;0;0
CRM;20140804;18.6;0;0
CRM;20140805;19.4;0;0
CRM;20140806;18.2;0;0
CRM;20140807;19.1;0;0
CRM;20140808;21.1;0;0
CRM;20140809;20.7;0;0
CRM;20140810;21.2;0;0
CRM;20140811;17.4;0;0
CRM;20140812;17.0;0;0
CRM;20140813;15.5;0;0
CRM;20140814;14.7;0;0
CRM;20140815;14.3;0;0
CRM;20140816;14.2;0;0
CRM;20140817;14.7;0;0
CRM;20140818;17.2;0;0
CRM;20140819;17.2;0;0
CRM;20140820;15.3;0;0
CRM;20140821;15.0;0;0
CRM;20140822;15.7;0;0
CRM;20140823;15.2;0;0
CRM;20140824;14.0;0;0
CRM;20140825;12.7;0;0
CRM;20140826;16.6;0;0
CRM;20140827;17.7;0;0
CRM;20140828;17.8;0;0
CRM;20140829;18.5;0;0
CRM;20140830;18.6;0;0
CRM;20140831;15.5;0;0
CRM;20140901;14.7;0;0
CRM;20140902;15.2;0;0
CRM;20140903;15.8;0;0
CRM;20140904;17.8;0;-1
CRM;20140905;17.9;0;0
CRM;20140906;18.3;0;0
CRM;20140907;19.3;0;0
CRM;20140908;18.9;0;0
CRM;20140909;18.9;0;0
CRM;20140910;18.7;0;0
CRM;20140911;16.0;0;0
CRM;20140912;13.5;0;0
CRM;20140913;15.9;0;0
CRM;20140914;16.5;0;0
CRM;20140915;16.5;0;0
CRM;20140916;17.9;0;0
CRM;20140917;18.7;0;0
CRM;20140918;-;-;-
CRM;20140919;-;-;-
CRM;20140920;-;-;-
CRM;20140921;-;-;-
CRM;20140922;-;-;-
CRM;20140923;-;-;-
CRM;20140924;-;-;-
CRM;20140925;-;-;-
CRM;20140926;12.3;0;-2
CRM;20140927;14.7;0;0
CRM;20140928;14.1;0;0
CRM;20140929;15.5;0;0
CRM;20140930;16.0;0;0
CRM;20141001;16.0;0;0
CRM;20141002;16.1;0;0
CRM;20141003;15.4;0;0
CRM;20141004;13.8;0;0
CRM;20141005;13.8;0;0
CRM;20141006;13.7;0;0
CRM;20141007;15.0;0;0
CRM;20141008;14.8;0;0
CRM;20141009;15.7;0;0
CRM;20141010;16.1;0;0
CRM;20141011;15.3;0;0
CRM;20141012;13.8;0;0
CRM;20141013;14.2;0;0
CRM;20141014;13.0;0;0
CRM;20141015;14.0;0;0
CRM;20141016;14.1;0;0
CRM;20141017;16.2;0;0
CRM;20141018;12.5;0;0
CRM;20141019;13.4;0;0
CRM;20141020;14.4;0;0
CRM;20141021;14.8;0;0
CRM;20141022;7.0;0;-1
CRM;20141023;7.9;0;-5
CRM;20141024;7.6;0;0
CRM;20141025;10.0;0;0
CRM;20141026;10.0;0;0
CRM;20141027;10.3;0;0
CRM;20141028;9.0;0;0
CRM;20141029;8.7;0;0
CRM;20141030;10.1;0;0
CRM;20141031;8.5;0;0
CRM;20141101;8.3;0;0
CRM;20141102;8.9;0;0
CRM;20141103;8.4;0;0
CRM;20141104;8.6;0;0
CRM;20141105;5.8;0;0
CRM;20141106;5.9;0;0
CRM;20141107;6.8;0;0
CRM;20141108;6.8;0;0
CRM;20141109;6.9;0;0
CRM;20141110;8.3;0;0
CRM;20141111;7.3;0;0
CRM;20141112;8.1;0;0
CRM;20141113;8.4;0;0
CRM;20141114;6.2;0;0
CRM;20141115;8.3;0;0
CRM;20141116;9.2;0;0
CRM;20141117;6.9;0;0
CRM;20141118;6.3;0;0
CRM;20141119;6.4;0;0
CRM;20141120;4.3;0;0
CRM;20141121;5.5;0;0
CRM;20141122;6.4;0;0
CRM;20141123;6.2;0;0
CRM;20141124;7.7;0;0
CRM;20141125;8.6;0;0
CRM;20141126;8.9;0;0
CRM;20141127;8.5;0;0
CRM;20141128;6.4;0;0
CRM;20141129;4.0;0;0
CRM;20141130;4.1;0;0
CRM;20141201;4.0;0;0
CRM;20141202;4.4;0;0
CRM;20141203;4.7;0;0
CRM;20141204;4.6;0;0
CRM;20141205;4.2;0;0
CRM;20141206;4.2;0;0
CRM;20141207;4.1;0;0
CRM;20141208;4.1;0;0
CRM;20141209;2.6;0;0
CRM;20141210;1.7;0;0
CRM;20141211;5.5;0;0
CRM;20141212;6.2;0;0
CRM;20141213;5.2;0;0
CRM;20141214;6.0;0;0
CRM;20141215;7.1;0;0
CRM;20141216;6.4;0;0
CRM;20141217;4.5;0;0
CRM;20141218;7.9;0;0
CRM;20141219;9.8;0;0
CRM;20141220;7.8;0;0
CRM;20141221;3.4;0;0
CRM;20141222;2.0;0;0
CRM;20141223;1.0;0;0
CRM;20141224;4.4;0;0
CRM;20141225;5.7;0;0
CRM;20141226;1.6;0;0
CRM;20141227;1.2;0;0
CRM;20141228;-1.0;0;0
CRM;20141229;-5.0;0;-8
CRM;20141230;-2.2;0;0
CRM;20141231;0.1;0;0
CRM;20150101;-2.5;0;0
CRM;20150102;0.6;0;0
CRM;20150103;4.8;0;0
CRM;20150104;5.7;0;0
CRM;20150105;-0.9;0;0
CRM;20150106;-1.7;0;0
CRM;20150107;0.7;0;0
CRM;20150108;4.4;0;0
CRM;20150109;7.6;0;0
CRM;20150110;11.8;0;0
CRM;20150111;5.8;0;0
CRM;20150112;2.7;0;0
CRM;20150113;4.0;0;-1
CRM;20150114;7.0;0;0
CRM;20150115;3.6;0;0
CRM;20150116;3.7;0;0
CRM;20150117;2.7;0;0
CRM;20150118;-0.8;0;0
CRM;20150119;0.3;0;0
CRM;20150120;1.1;0;0
CRM;20150121;1.6;0;0
CRM;20150122;1.4;0;0
CRM;20150123;1.2;0;0
CRM;20150124;1.0;0;0
CRM;20150125;0.9;0;0
CRM;20150126;-0.2;0;0
CRM;20150127;1.7;0;0
CRM;20150128;-0.1;0;0
CRM;20150129;3.0;0;0
CRM;20150130;1.1;0;0
CRM;20150131;0.3;0;-5
CRM;20150201;0.7;0;0
CRM;20150202;0.5;0;0
CRM;20150203;-1.5;0;0
CRM;20150204;-1.1;0;0
CRM;20150205;-1.9;0;0
CRM;20150206;-1.2;0;0
CRM;20150207;-2.9;0;0
CRM;20150208;-1.9;0;0
CRM;20150209;-0.6;0;0
CRM;20150210;1.0;0;0
CRM;20150211;-1.0;0;0
CRM;20150212;-2.7;0;0
CRM;20150213;-0.6;0;0
CRM;20150214;3.0;0;0
CRM;20150215;3.5;0;0
CRM;20150216;-0.1;0;0
CRM;20150217;0.0;0;0
CRM;20150218;0.2;0;0
CRM;20150219;0.9;0;0
CRM;20150220;1.7;0;0
CRM;20150221;2.4;0;0
CRM;20150222;1.4;0;0
CRM;20150223;2.2;0;0
CRM;20150224;4.0;0;0
CRM;20150225;2.9;0;-7
CRM;20150226;2.2;0;0
CRM;20150227;3.9;0;0
CRM;20150228;2.6;0;0
CRM;20150301;5.4;0;0
CRM;20150302;8.2;0;0
CRM;20150303;6.5;0;0
CRM;20150304;4.4;0;0
CRM;20150305;3.8;0;0
CRM;20150306;4.0;0;0
CRM;20150307;3.7;0;0
CRM;20150308;6.6;0;0
CRM;20150309;7.2;0;0
CRM;20150310;7.1;0;0
CRM;20150311;8.7;0;0
CRM;20150312;6.6;0;0
CRM;20150313;4.9;0;0
CRM;20150314;5.6;0;0
CRM;20150315;4.5;0;0
CRM;20150316;6.1;0;0
CRM;20150317;7.3;0;0
CRM;20150318;9.8;0;0
CRM;20150319;10.3;0;0
CRM;20150320;8.7;0;0
CRM;20150321;7.3;0;0
CRM;20150322;5.6;0;0
CRM;20150323;7.2;0;0
CRM;20150324;8.1;0;0
CRM;20150325;7.2;0;0
CRM;20150326;6.3;0;0
CRM;20150327;7.7;0;0
CRM;20150328;5.8;0;0
CRM;20150329;9.1;0;0
CRM;20150330;10.5;0;0
CRM;20150331;11.0;0;0
CRM;20150401;6.2;0;0
CRM;20150402;5.5;0;0
CRM;20150403;4.5;0;0
CRM;20150404;6.3;0;0
CRM;20150405;4.6;0;0
CRM;20150406;5.2;0;0
CRM;20150407;6.4;0;0
CRM;20150408;8.2;0;0
CRM;20150409;9.4;0;0
CRM;20150410;11.7;0;0
CRM;20150411;11.3;0;0
CRM;20150412;11.9;0;0
CRM;20150413;13.0;0;0
CRM;20150414;13.0;0;0
CRM;20150415;12.8;0;0
CRM;20150416;11.3;0;0
CRM;20150417;11.8;0;0
CRM;20150418;9.8;0;0
CRM;20150419;9.9;0;0
CRM;20150420;11.6;0;0
CRM;20150421;13.8;0;0
CRM;20150422;13.8;0;0
CRM;20150423;12.6;0;0
CRM;20150424;13.1;0;0
CRM;20150425;12.9;0;0
CRM;20150426;13.6;0;0
CRM;20150427;14.1;0;0
CRM;20150428;8.5;0;0
CRM;20150429;9.6;0;0
CRM;20150430;11.6;0;0
CRM;20150501;12.1;0;0
CRM;20150502;13.8;0;0
CRM;20150503;14.6;0;0
CRM;20150504;15.7;0;0
CRM;20150505;15.2;0;0
CRM;20150506;14.3;0;0
CRM;20150507;13.4;0;0
CRM;20150508;12.8;0;0
CRM;20150509;14.9;0;0
CRM;20150510;15.3;0;0
CRM;20150511;16.5;0;0
CRM;20150512;18.7;0;-6
CRM;20150513;22.3;0;0
CRM;20150514;17.9;0;0
CRM;20150515;8.2;0;0
CRM;20150516;13.0;0;0
CRM;20150517;15.4;0;0
CRM;20150518;16.4;0;0
CRM;20150519;14.3;0;0
CRM;20150520;10.2;0;0
CRM;20150521;9.7;0;0
CRM;20150522;11.8;0;0
CRM;20150523;13.3;0;0
CRM;20150524;15.9;0;0
CRM;20150525;14.7;0;0
CRM;20150526;12.1;0;0
CRM;20150527;12.5;0;0
CRM;20150528;14.3;0;0
CRM;20150529;17.1;0;0
CRM;20150530;16.5;0;0
CRM;20150531;17.3;0;0
CRM;20150601;17.5;0;0
CRM;20150602;18.9;0;0
CRM;20150603;20.3;0;0
CRM;20150604;22.2;0;0
CRM;20150605;22.9;0;0
CRM;20150606;22.6;0;0
CRM;20150607;21.6;0;0
CRM;20150608;19.8;0;0
CRM;20150609;15.7;0;0
CRM;20150610;16.7;0;0
CRM;20150611;20.5;0;0
CRM;20150612;20.0;0;0
CRM;20150613;20.7;0;0
CRM;20150614;17.9;0;0
CRM;20150615;16.7;0;0
CRM;20150616;17.0;0;0
CRM;20150617;17.3;0;0
CRM;20150618;16.2;0;0
CRM;20150619;16.8;0;0
CRM;20150620;15.4;0;0
CRM;20150621;15.8;0;0
CRM;20150622;17.7;0;0
CRM;20150623;15.2;0;0
CRM;20150624;15.9;0;0
CRM;20150625;17.6;0;0
CRM;20150626;19.4;0;0
CRM;20150627;19.8;0;0
CRM;20150628;21.1;0;-8
CRM;20150629;21.0;0;-2
CRM;20150630;23.4;0;0
CRM;20150701;24.0;0;0
CRM;20150702;25.5;0;0
CRM;20150703;26.6;0;0
CRM;20150704;26.8;0;0
CRM;20150705;27.2;0;0
CRM;20150706;26.7;0;0
CRM;20150707;27.1;0;0
CRM;20150708;21.4;0;0
CRM;20150709;19.6;0;0
CRM;20150710;21.2;0;0
CRM;20150711;23.3;0;0
CRM;20150712;22.7;0;0
CRM;20150713;23.2;0;0
CRM;20150714;23.3;0;0
CRM;20150715;24.2;0;-3
CRM;20150716;24.8;0;0
CRM;20150717;23.8;0;-1
CRM;20150718;21.7;0;0
CRM;20150719;24.7;0;-1
CRM;20150720;24.8;0;0
CRM;20150721;26.3;0;0
CRM;20150722;24.8;0;0
CRM;20150723;22.4;0;-17
CRM;20150724;23.2;0;0
CRM;20150725;19.8;0;0
CRM;20150726;16.0;0;0
CRM;20150727;19.8;0;0
CRM;20150728;19.2;0;0
CRM;20150729;16.0;0;0
CRM;20150730;16.1;0;0
CRM;20150731;18.8;0;0
CRM;20150801;16.2;0;0
CRM;20150802;19.4;0;0
CRM;20150803;21.6;0;0
CRM;20150804;20.6;0;0
CRM;20150805;23.0;0;0
CRM;20150806;24.9;0;0
CRM;20150807;25.9;0;0
CRM;20150808;24.9;0;-21
CRM;20150809;21.5;0;0
CRM;20150810;21.7;0;0
CRM;20150811;23.7;0;0
CRM;20150812;24.8;0;-1
CRM;20150813;22.4;0;0
CRM;20150814;-;-;-
CRM;20150815;-;-;-
CRM;20150816;-;-;-
CRM;20150817;17.0;0;0
CRM;20150818;16.8;0;0
CRM;20150819;15.6;0;0
CRM;20150820;16.7;0;0
CRM;20150821;18.7;0;-22
CRM;20150822;19.1;0;0
CRM;20150823;17.4;0;0
CRM;20150824;16.7;0;-1
CRM;20150825;16.2;0;0
CRM;20150826;16.4;0;0
CRM;20150827;19.8;0;0
CRM;20150828;23.2;0;0
CRM;20150829;22.3;0;-1
CRM;20150830;23.4;0;0
CRM;20150831;22.7;0;0
CRM;20150901;18.9;0;0
CRM;20150902;18.1;0;0
CRM;20150903;16.9;0;0
CRM;20150904;16.0;0;0
CRM;20150905;14.4;0;0
CRM;20150906;13.9;0;0
CRM;20150907;14.1;0;0
CRM;20150908;15.4;0;0
CRM;20150909;15.9;0;0
CRM;20150910;15.0;0;0
CRM;20150911;13.8;0;0
CRM;20150912;16.0;0;0
CRM;20150913;17.4;0;0
CRM;20150914;14.9;0;0
CRM;20150915;14.6;0;0
CRM;20150916;15.9;0;0
CRM;20150917;13.5;0;0
CRM;20150918;12.2;0;0
CRM;20150919;12.9;0;0
CRM;20150920;13.7;0;-6
CRM;20150921;12.5;0;0
CRM;20150922;12.4;0;0
CRM;20150923;10.5;0;-6
CRM;20150924;11.8;0;0
CRM;20150925;12.4;0;0
CRM;20150926;14.0;0;0
CRM;20150927;14.2;0;0
CRM;20150928;12.7;0;0
CRM;20150929;12.5;0;0
CRM;20150930;10.5;0;0
CRM;20151001;9.4;0;0
CRM;20151002;10.6;0;0
CRM;20151003;12.8;0;0
CRM;20151004;12.5;0;0
CRM;20151005;13.9;0;-11
CRM;20151006;14.9;0;0
CRM;20151007;13.8;0;0
CRM;20151008;11.5;0;0
CRM;20151009;12.6;0;0
CRM;20151010;11.6;0;0
CRM;20151011;12.2;0;0
CRM;20151012;11.4;0;0
CRM;20151013;9.6;0;0
CRM;20151014;7.5;0;0
CRM;20151015;5.7;0;0
CRM;20151016;5.3;0;0
CRM;20151017;6.0;0;0
CRM;20151018;7.4;0;0
CRM;20151019;7.7;0;0
CRM;20151020;7.0;0;0
CRM;20151021;7.2;0;0
CRM;20151022;6.6;0;0
CRM;20151023;10.1;0;0
CRM;20151024;10.0;0;0
CRM;20151025;11.4;0;0
CRM;20151026;9.2;0;0
CRM;20151027;9.6;0;0
CRM;20151028;9.7;0;0
CRM;20151029;10.5;0;0
CRM;20151030;10.8;0;0
CRM;20151031;9.5;0;0
CRM;20151101;7.3;0;0
CRM;20151102;6.6;0;0
CRM;20151103;5.7;0;0
CRM;20151104;8.5;0;0
CRM;20151105;8.0;0;0
CRM;20151106;9.6;0;0
CRM;20151107;10.8;0;0
CRM;20151108;9.3;0;0
CRM;20151109;11.5;0;0
CRM;20151110;8.8;0;0
CRM;20151111;-;-;-
CRM;20151112;-;-;-
CRM;20151113;-;-;-
CRM;20151114;11.5;0;0
CRM;20151115;11.3;0;0
CRM;20151116;8.4;0;0
CRM;20151117;10.9;0;0
CRM;20151118;13.2;0;-1
CRM;20151119;13.0;0;0
CRM;20151120;12.0;0;0
CRM;20151121;4.2;0;0
CRM;20151122;2.5;0;0
CRM;20151123;1.2;0;0
CRM;20151124;0.1;0;0
CRM;20151125;3.6;0;0
CRM;20151126;3.5;0;0
CRM;20151127;1.8;0;0
CRM;20151128;2.3;0;-1
CRM;20151129;4.9;0;0
CRM;20151130;8.9;0;-18
CRM;20151201;7.7;0;0
CRM;20151202;1.8;0;0
CRM;20151203;2.1;0;0
CRM;20151204;4.1;0;0
CRM;20151205;4.1;0;0
CRM;20151206;5.9;0;0
CRM;20151207;4.8;0;0
CRM;20151208;4.6;0;0
CRM;20151209;6.4;0;0
CRM;20151210;1.8;0;0
CRM;20151211;1.4;0;0
CRM;20151212;1.4;0;0
CRM;20151213;1.6;0;0
CRM;20151214;1.1;0;0
CRM;20151215;2.4;0;-8
CRM;20151216;6.3;0;0
CRM;20151217;4.5;0;0
CRM;20151218;5.2;0;0
CRM;20151219;4.8;0;0
CRM;20151220;4.9;0;-1
CRM;20151221;7.3;0;0
CRM;20151222;7.2;0;0
CRM;20151223;5.6;0;0
CRM;20151224;3.8;0;0
CRM;20151225;2.9;0;0
CRM;20151226;1.8;0;0
CRM;20151227;1.8;0;-1
CRM;20151228;1.4;0;0
CRM;20151229;2.4;0;0
CRM;20151230;3.7;0;0
CRM;20151231;5.3;0;0
CRM;20160101;5.3;0;0
CRM;20160102;5.3;0;0
CRM;20160103;4.7;0;0
CRM;20160104;5.8;0;0
CRM;20160105;5.9;0;0
CRM;20160106;5.1;0;0
CRM;20160107;5.1;0;0
CRM;20160108;4.7;0;0
CRM;20160109;5.3;0;0
CRM;20160110;5.9;0;0
CRM;20160111;6.2;0;0
CRM;20160112;4.7;0;0
CRM;20160113;2.8;0;0
CRM;20160114;0.1;0;0
CRM;20160115;1.5;0;0
CRM;20160116;0.4;0;0
CRM;20160117;-1.7;0;0
CRM;20160118;-5.1;0;0
CRM;20160119;-2.0;0;0
CRM;20160120;1.2;0;0
CRM;20160121;1.1;0;0
CRM;20160122;0.7;0;0
CRM;20160123;4.3;0;0
CRM;20160124;1.6;0;0
CRM;20160125;1.5;0;0
CRM;20160126;2.3;0;0
CRM;20160127;2.7;0;0
CRM;20160128;6.7;0;0
CRM;20160129;7.6;0;0
CRM;20160130;6.1;0;0
CRM;20160131;8.7;0;0
CRM;20160201;10.5;0;0
CRM;20160202;8.5;0;0
CRM;20160203;5.5;0;0
CRM;20160204;3.4;0;0
CRM;20160205;5.6;0;0
CRM;20160206;2.8;0;0
CRM;20160207;3.4;0;0
CRM;20160208;7.1;0;0
CRM;20160209;7.7;0;0
CRM;20160210;2.7;0;0
CRM;20160211;2.4;0;0
CRM;20160212;1.9;0;0
CRM;20160213;5.5;0;0
CRM;20160214;5.3;0;0
CRM;20160215;2.9;0;0
CRM;20160216;2.9;0;0
CRM;20160217;3.1;0;0
CRM;20160218;4.3;0;0
CRM;20160219;3.2;0;0
CRM;20160220;3.4;0;0
CRM;20160221;10.2;0;0
CRM;20160222;10.3;0;0
CRM;20160223;6.5;0;0
CRM;20160224;0.3;0;-1
CRM;20160225;2.2;0;0
CRM;20160226;1.9;0;0
CRM;20160227;2.5;0;0
CRM;20160228;4.2;0;0
CRM;20160229;3.6;0;0
CRM;20160301;4.6;0;0
CRM;20160302;4.8;0;0
CRM;20160303;2.3;0;0
CRM;20160304;2.2;0;0
CRM;20160305;2.5;0;0
CRM;20160306;2.3;0;0
CRM;20160307;1.0;0;0
CRM;20160308;1.7;0;0
CRM;20160309;1.3;0;0
CRM;20160310;4.1;0;0
CRM;20160311;6.3;0;0
CRM;20160312;6.3;0;0
CRM;20160313;5.8;0;0
CRM;20160314;4.9;0;0
CRM;20160315;3.1;0;0
CRM;20160316;3.7;0;0
CRM;20160317;5.6;0;0
CRM;20160318;6.1;0;0
CRM;20160319;6.8;0;0
CRM;20160320;5.8;0;0
CRM;20160321;5.2;0;0
CRM;20160322;6.7;0;0
CRM;20160323;5.4;0;0
CRM;20160324;7.1;0;-1
CRM;20160325;6.3;0;0
CRM;20160326;8.5;0;0
CRM;20160327;5.9;0;0
CRM;20160328;7.8;0;-7
CRM;20160329;10.7;0;0
CRM;20160330;12.1;0;-1
CRM;20160331;11.0;0;0
CRM;20160401;11.5;0;0
CRM;20160402;10.0;0;0
CRM;20160403;11.6;0;0
CRM;20160404;12.1;0;0
CRM;20160405;11.1;0;0
CRM;20160406;11.0;0;0
CRM;20160407;8.7;0;0
CRM;20160408;6.7;0;0
CRM;20160409;6.7;0;0
CRM;20160410;9.2;0;-1
CRM;20160411;10.4;0;0
CRM;20160412;12.5;0;0
CRM;20160413;9.6;0;0
CRM;20160414;10.9;0;-1
CRM;20160415;10.7;0;0
CRM;20160416;12.3;0;0
CRM;20160417;9.3;0;0
CRM;20160418;6.0;0;0
CRM;20160419;8.6;0;0
CRM;20160420;12.1;0;0
CRM;20160421;13.3;0;0
CRM;20160422;14.1;0;0
CRM;20160423;9.8;0;0
CRM;20160424;5.4;0;0
CRM;20160425;5.2;0;0
CRM;20160426;6.7;0;-10
CRM;20160427;3.9;0;-13
CRM;20160428;5.6;0;0
CRM;20160429;8.1;0;0
CRM;20160430;8.0;0;0
CRM;20160501;6.6;0;0
CRM;20160502;10.5;0;0
CRM;20160503;9.6;0;-1
CRM;20160504;10.2;0;0
CRM;20160505;12.7;0;0
CRM;20160506;13.6;0;-1
CRM;20160507;15.2;0;0
CRM;20160508;15.9;0;-12
CRM;20160509;16.3;0;0
CRM;20160510;17.4;0;-24
CRM;20160511;15.7;0;0
CRM;20160512;11.7;0;0
CRM;20160513;11.8;0;0
CRM;20160514;12.7;0;0
CRM;20160515;9.2;0;0
CRM;20160516;9.2;0;0
CRM;20160517;11.8;0;0
CRM;20160518;12.7;0;0
CRM;20160519;9.9;0;0
CRM;20160520;12.1;0;0
CRM;20160521;15.6;0;0
CRM;20160522;16.0;0;-3
CRM;20160523;9.0;0;-11
CRM;20160524;11.7;0;-4
CRM;20160525;13.1;0;0
CRM;20160526;16.0;0;-1
CRM;20160527;19.4;0;0
CRM;20160528;17.9;0;0
CRM;20160529;14.7;0;0
CRM;20160530;13.5;0;0
CRM;20160531;13.5;0;0
CRM;20160601;15.0;0;0
CRM;20160602;14.0;0;0
CRM;20160603;14.9;0;0
CRM;20160604;15.3;0;0
CRM;20160605;15.6;0;0
CRM;20160606;17.3;0;0
CRM;20160607;18.0;0;0
CRM;20160608;15.7;0;0
CRM;20160609;16.8;0;0
CRM;20160610;17.2;0;0
CRM;20160611;15.2;0;0
CRM;20160612;15.1;0;0
CRM;20160613;-;-;-
CRM;20160614;-;-;-
CRM;20160615;15.4;0;0
CRM;20160616;13.4;0;0
CRM;20160617;13.6;0;0
CRM;20160618;14.7;0;0
CRM;20160619;14.2;0;0
CRM;20160620;15.9;0;0
CRM;20160621;16.6;0;0
CRM;20160622;22.2;0;0
CRM;20160623;23.7;0;0
CRM;20160624;24.5;0;0
CRM;20160625;18.7;0;0
CRM;20160626;17.2;0;0
CRM;20160627;17.9;0;0
CRM;20160628;18.8;0;0
CRM;20160629;22.1;0;0
CRM;20160630;20.3;0;0
CRM;20160701;20.8;0;0
CRM;20160702;18.2;0;0
CRM;20160703;17.7;0;0
CRM;20160704;19.1;0;0
CRM;20160705;20.4;0;0
CRM;20160706;20.0;0;0
CRM;20160707;20.6;0;0
CRM;20160708;22.1;0;0
CRM;20160709;23.4;0;0
CRM;20160710;23.5;0;0
CRM;20160711;21.7;0;0
CRM;20160712;17.3;0;0
CRM;20160713;14.7;0;0
CRM;20160714;12.7;0;0
CRM;20160715;13.7;0;0
CRM;20160716;17.1;0;0
CRM;20160717;20.2;0;0
CRM;20160718;21.9;0;0
CRM;20160719;23.0;0;0
CRM;20160720;23.9;0;0
CRM;20160721;22.2;0;0
CRM;20160722;20.0;0;0
CRM;20160723;19.8;0;0
CRM;20160724;21.0;0;0
CRM;20160725;21.6;0;0
CRM;20160726;22.9;0;0
CRM;20160727;21.2;0;0
CRM;20160728;20.4;0;0
CRM;20160729;22.1;0;0
CRM;20160730;21.9;0;0
CRM;20160731;20.3;0;0
CRM;20160801;18.6;0;0
CRM;20160802;19.9;0;0
CRM;20160803;21.5;0;0
CRM;20160804;18.6;0;0
CRM;20160805;16.0;0;0
CRM;20160806;17.2;0;0
CRM;20160807;20.0;0;0
CRM;20160808;20.6;0;0
CRM;20160809;17.3;0;0
CRM;20160810;15.2;0;0
CRM;20160811;15.5;0;0
CRM;20160812;19.2;0;0
CRM;20160813;20.3;0;0
CRM;20160814;22.4;0;0
CRM;20160815;22.4;0;0
CRM;20160816;22.3;0;0
CRM;20160817;19.4;0;0
CRM;20160818;18.1;0;0
CRM;20160819;19.7;0;0
CRM;20160820;17.7;0;0
CRM;20160821;16.5;0;0
CRM;20160822;17.0;0;0
CRM;20160823;21.4;0;0
CRM;20160824;22.4;0;0
CRM;20160825;22.9;0;0
CRM;20160826;24.1;0;0
CRM;20160827;23.4;0;0
CRM;20160828;24.1;0;0
CRM;20160829;21.7;0;0
CRM;20160830;21.4;0;0
CRM;20160831;20.1;0;0
CRM;20160901;20.1;0;0
CRM;20160902;20.1;0;0
CRM;20160903;20.0;0;0
CRM;20160904;17.7;0;0
CRM;20160905;17.2;0;0
CRM;20160906;18.0;0;-6
CRM;20160907;18.7;0;0
CRM;20160908;20.1;0;0
CRM;20160909;20.4;0;0
CRM;20160910;20.4;0;0
CRM;20160911;20.9;0;0
CRM;20160912;20.5;0;0
CRM;20160913;21.0;0;0
CRM;20160914;21.3;0;0
CRM;20160915;17.9;0;0
CRM;20160916;15.0;0;0
CRM;20160917;13.6;0;0
CRM;20160918;13.3;0;0
CRM;20160919;14.5;0;0
CRM;20160920;14.8;0;0
CRM;20160921;13.7;0;0
CRM;20160922;12.7;0;0
CRM;20160923;14.3;0;0
CRM;20160924;14.2;0;0
CRM;20160925;15.6;0;0
CRM;20160926;16.2;0;0
CRM;20160927;16.6;0;0
CRM;20160928;14.3;0;0
CRM;20160929;15.1;0;0
CRM;20160930;16.0;0;0
CRM;20161001;13.8;0;0
CRM;20161002;13.6;0;0
CRM;20161003;11.2;0;0
CRM;20161004;12.6;0;0
CRM;20161005;10.6;0;0
CRM;20161006;9.0;0;0
CRM;20161007;10.0;0;0
CRM;20161008;9.3;0;0
CRM;20161009;6.3;0;0
CRM;20161010;7.1;0;0
CRM;20161011;7.8;0;0
CRM;20161012;7.2;0;0
CRM;20161013;6.9;0;0
CRM;20161014;8.6;0;0
CRM;20161015;11.3;0;0
CRM;20161016;8.8;0;0
CRM;20161017;10.8;0;0
CRM;20161018;11.7;0;0
CRM;20161019;9.9;0;0
CRM;20161020;8.9;0;0
CRM;20161021;7.6;0;0
CRM;20161022;5.1;0;0
CRM;20161023;6.3;0;0
CRM;20161024;9.4;0;0
CRM;20161025;12.7;0;0
CRM;20161026;13.1;0;0
CRM;20161027;11.0;0;0
CRM;20161028;6.2;0;0
CRM;20161029;8.7;0;0
CRM;20161030;10.7;0;0
CRM;20161031;8.1;0;0
CRM;20161101;7.0;0;0
CRM;20161102;9.3;0;0
CRM;20161103;7.4;0;0
CRM;20161104;5.2;0;0
CRM;20161105;10.2;0;0
CRM;20161106;4.9;0;0
CRM;20161107;2.7;0;0
CRM;20161108;0.6;0;0
CRM;20161109;2.5;0;0
CRM;20161110;5.6;0;0
CRM;20161111;4.7;0;0
CRM;20161112;3.3;0;0
CRM;20161113;3.2;0;0
CRM;20161114;2.7;0;0
CRM;20161115;3.9;0;0
CRM;20161116;6.3;0;0
CRM;20161117;9.2;0;0
CRM;20161118;10.2;0;0
CRM;20161119;5.5;0;0
CRM;20161120;4.2;0;0
CRM;20161121;4.6;0;0
CRM;20161122;7.0;0;0
CRM;20161123;6.8;0;0
CRM;20161124;5.7;0;0
CRM;20161125;7.1;0;0
CRM;20161126;6.4;0;0
CRM;20161127;6.2;0;0
CRM;20161128;3.7;0;0
CRM;20161129;-0.6;0;0
CRM;20161130;-1.3;0;0
CRM;20161201;-1.3;0;0
CRM;20161202;2.0;0;0
CRM;20161203;3.6;0;0
CRM;20161204;1.1;0;0
CRM;20161205;-0.2;0;0
CRM;20161206;0.0;0;0
CRM;20161207;-0.4;0;0
CRM;20161208;0.8;0;0
CRM;20161209;0.4;0;0
CRM;20161210;0.6;0;0
CRM;20161211;0.4;0;0
CRM;20161212;1.6;0;0
CRM;20161213;0.5;0;0
CRM;20161214;1.1;0;0
CRM;20161215;0.4;0;0
CRM;20161216;-1.1;0;0
CRM;20161217;-1.0;0;0
CRM;20161218;-0.7;0;0
CRM;20161219;2.1;0;0
CRM;20161220;0.7;0;0
CRM;20161221;0.0;0;0
CRM;20161222;1.0;0;0
CRM;20161223;3.1;0;0
CRM;20161224;5.4;0;0
CRM;20161225;7.3;0;0
CRM;20161226;4.2;0;0
CRM;20161227;3.2;0;0
CRM;20161228;3.1;0;0
CRM;20161229;-0.4;0;0
CRM;20161230;-1.6;0;0
CRM;20161231;-2.0;0;0

stn;time;tre200d0;qtre200d0;mtre200d0
NEU;20140101;3.6;0;0
NEU;20140102;4.4;0;0
NEU;20140103;4.9;0;0
NEU;20140104;5.4;0;0
NEU;20140105;4.4;0;0
NEU;20140106;3.7;0;0
NEU;20140107;7.1;0;0
NEU;20140108;7.0;0;0
NEU;20140109;7.7;0;0
NEU;20140110;6.5;0;0
NEU;20140111;5.1;0;0
NEU;20140112;3.6;0;0
NEU;20140113;4.5;0;0
NEU;20140114;4.4;0;0
NEU;20140115;2.7;0;0
NEU;20140116;3.1;0;0
NEU;20140117;2.3;0;0
NEU;20140118;2.5;0;0
NEU;20140119;2.4;0;0
NEU;20140120;4.2;0;0
NEU;20140121;3.9;0;0
NEU;20140122;3.0;0;0
NEU;20140123;3.1;0;0
NEU;20140124;1.8;0;0
NEU;20140125;0.3;0;0
NEU;20140126;4.7;0;0
NEU;20140127;3.8;0;0
NEU;20140128;0.8;0;0
NEU;20140129;0.2;0;0
NEU;20140130;0.7;0;0
NEU;20140131;0.6;0;0
NEU;20140201;1.9;0;0
NEU;20140202;2.6;0;0
NEU;20140203;3.1;0;0
NEU;20140204;2.5;0;0
NEU;20140205;3.0;0;0
NEU;20140206;5.3;0;0
NEU;20140207;3.9;0;0
NEU;20140208;3.8;0;0
NEU;20140209;4.8;0;0
NEU;20140210;4.2;0;0
NEU;20140211;4.4;0;0
NEU;20140212;5.8;0;0
NEU;20140213;5.6;0;0
NEU;20140214;4.2;0;0
NEU;20140215;4.7;0;0
NEU;20140216;4.1;0;0
NEU;20140217;2.7;0;-15
NEU;20140218;2.3;0;0
NEU;20140219;5.0;0;0
NEU;20140220;6.1;0;0
NEU;20140221;5.5;0;0
NEU;20140222;4.8;0;0
NEU;20140223;4.7;0;0
NEU;20140224;2.9;0;0
NEU;20140225;5.1;0;0
NEU;20140226;5.2;0;0
NEU;20140227;4.0;0;0
NEU;20140228;4.4;0;0
NEU;20140301;3.8;0;0
NEU;20140302;4.7;0;0
NEU;20140303;3.6;0;0
NEU;20140304;4.0;0;0
NEU;20140305;5.8;0;0
NEU;20140306;6.7;0;0
NEU;20140307;5.9;0;0
NEU;20140308;10.1;0;0
NEU;20140309;8.2;0;0
NEU;20140310;8.7;0;0
NEU;20140311;10.1;0;0
NEU;20140312;8.1;0;0
NEU;20140313;8.8;0;0
NEU;20140314;9.4;0;0
NEU;20140315;8.5;0;0
NEU;20140316;10.6;0;0
NEU;20140317;10.9;0;0
NEU;20140318;11.9;0;0
NEU;20140319;11.3;0;0
NEU;20140320;11.2;0;0
NEU;20140321;12.9;0;0
NEU;20140322;8.0;0;0
NEU;20140323;5.0;0;0
NEU;20140324;3.3;0;0
NEU;20140325;3.3;0;0
NEU;20140326;4.9;0;0
NEU;20140327;6.0;0;0
NEU;20140328;8.2;0;0
NEU;20140329;9.7;0;0
NEU;20140330;11.5;0;0
NEU;20140331;11.7;0;0
NEU;20140401;12.0;0;0
NEU;20140402;12.6;0;0
NEU;20140403;12.8;0;0
NEU;20140404;13.8;0;0
NEU;20140405;13.7;0;0
NEU;20140406;13.9;0;0
NEU;20140407;14.1;0;0
NEU;20140408;12.6;0;0
NEU;20140409;11.3;0;0
NEU;20140410;13.1;0;0
NEU;20140411;13.8;0;0
NEU;20140412;14.6;0;0
NEU;20140413;14.6;0;0
NEU;20140414;12.5;0;0
NEU;20140415;8.7;0;0
NEU;20140416;8.3;0;0
NEU;20140417;9.6;0;0
NEU;20140418;7.4;0;0
NEU;20140419;5.1;0;0
NEU;20140420;10.2;0;0
NEU;20140421;10.7;0;0
NEU;20140422;13.0;0;0
NEU;20140423;14.8;0;0
NEU;20140424;15.4;0;0
NEU;20140425;13.1;0;0
NEU;20140426;12.8;0;0
NEU;20140427;10.0;0;0
NEU;20140428;7.8;0;0
NEU;20140429;9.3;0;0
NEU;20140430;9.8;0;0
NEU;20140501;10.2;0;0
NEU;20140502;10.6;0;0
NEU;20140503;8.8;0;0
NEU;20140504;9.6;0;0
NEU;20140505;11.4;0;0
NEU;20140506;13.2;0;0
NEU;20140507;12.9;0;0
NEU;20140508;14.3;0;0
NEU;20140509;15.8;0;0
NEU;20140510;16.1;0;0
NEU;20140511;11.0;0;0
NEU;20140512;8.9;0;0
NEU;20140513;8.3;0;0
NEU;20140514;8.2;0;0
NEU;20140515;8.5;0;0
NEU;20140516;11.7;0;0
NEU;20140517;13.8;0;0
NEU;20140518;14.0;0;0
NEU;20140519;17.1;0;0
NEU;20140520;16.9;0;0
NEU;20140521;19.3;0;0
NEU;20140522;16.8;0;0
NEU;20140523;13.8;0;0
NEU;20140524;14.4;0;0
NEU;20140525;16.3;0;0
NEU;20140526;12.7;0;0
NEU;20140527;12.1;0;0
NEU;20140528;13.6;0;0
NEU;20140529;14.4;0;0
NEU;20140530;14.3;0;0
NEU;20140531;14.1;0;0
NEU;20140601;15.0;0;0
NEU;20140602;15.9;0;0
NEU;20140603;15.2;0;0
NEU;20140604;13.2;0;0
NEU;20140605;14.5;0;0
NEU;20140606;17.3;0;0
NEU;20140607;20.6;0;0
NEU;20140608;22.6;0;0
NEU;20140609;23.9;0;0
NEU;20140610;23.5;0;0
NEU;20140611;22.6;0;0
NEU;20140612;23.5;0;0
NEU;20140613;22.0;0;0
NEU;20140614;19.6;0;0
NEU;20140615;18.2;0;0
NEU;20140616;18.9;0;0
NEU;20140617;17.9;0;0
NEU;20140618;18.3;0;0
NEU;20140619;18.4;0;0
NEU;20140620;18.6;0;0
NEU;20140621;19.2;0;0
NEU;20140622;20.5;0;0
NEU;20140623;18.9;0;0
NEU;20140624;17.7;0;0
NEU;20140625;18.2;0;0
NEU;20140626;18.5;0;0
NEU;20140627;19.8;0;0
NEU;20140628;19.2;0;0
NEU;20140629;15.7;0;0
NEU;20140630;15.5;0;0
NEU;20140701;17.5;0;0
NEU;20140702;15.1;0;0
NEU;20140703;17.5;0;0
NEU;20140704;19.1;0;0
NEU;20140705;19.3;0;0
NEU;20140706;20.9;0;0
NEU;20140707;17.8;0;0
NEU;20140708;14.2;0;0
NEU;20140709;13.0;0;0
NEU;20140710;12.1;0;0
NEU;20140711;16.3;0;0
NEU;20140712;17.4;0;0
NEU;20140713;17.8;0;0
NEU;20140714;18.2;0;0
NEU;20140715;19.7;0;0
NEU;20140716;20.7;0;0
NEU;20140717;23.1;0;0
NEU;20140718;23.5;0;0
NEU;20140719;23.1;0;0
NEU;20140720;19.2;0;0
NEU;20140721;16.4;0;0
NEU;20140722;17.6;0;0
NEU;20140723;21.6;0;0
NEU;20140724;21.1;0;0
NEU;20140725;19.2;0;0
NEU;20140726;17.2;0;0
NEU;20140727;18.5;0;0
NEU;20140728;17.9;0;0
NEU;20140729;16.6;0;0
NEU;20140730;17.1;0;0
NEU;20140731;20.5;0;0
NEU;20140801;21.0;0;0
NEU;20140802;20.2;0;0
NEU;20140803;17.9;0;0
NEU;20140804;19.0;0;0
NEU;20140805;19.4;0;0
NEU;20140806;18.8;0;0
NEU;20140807;18.9;0;0
NEU;20140808;20.8;0;0
NEU;20140809;20.4;0;0
NEU;20140810;21.0;0;0
NEU;20140811;17.3;0;0
NEU;20140812;17.4;0;0
NEU;20140813;15.4;0;0
NEU;20140814;15.0;0;0
NEU;20140815;14.2;0;0
NEU;20140816;14.1;0;0
NEU;20140817;15.6;0;0
NEU;20140818;18.3;0;0
NEU;20140819;17.4;0;0
NEU;20140820;15.6;0;0
NEU;20140821;15.6;0;0
NEU;20140822;16.5;0;0
NEU;20140823;15.8;0;0
NEU;20140824;14.4;0;0
NEU;20140825;13.2;0;0
NEU;20140826;16.5;0;0
NEU;20140827;17.9;0;0
NEU;20140828;18.7;0;0
NEU;20140829;18.4;0;0
NEU;20140830;19.1;0;0
NEU;20140831;16.2;0;0
NEU;20140901;15.0;0;0
NEU;20140902;15.8;0;0
NEU;20140903;16.0;0;0
NEU;20140904;17.4;0;0
NEU;20140905;18.8;0;0
NEU;20140906;19.0;0;0
NEU;20140907;19.8;0;0
NEU;20140908;19.6;0;0
NEU;20140909;18.9;0;0
NEU;20140910;17.6;0;0
NEU;20140911;15.8;0;0
NEU;20140912;13.7;0;0
NEU;20140913;15.8;0;0
NEU;20140914;16.6;0;0
NEU;20140915;16.5;0;0
NEU;20140916;17.9;0;0
NEU;20140917;18.3;0;0
NEU;20140918;18.0;0;0
NEU;20140919;17.2;0;-1
NEU;20140920;18.1;0;0
NEU;20140921;16.8;0;0
NEU;20140922;14.2;0;0
NEU;20140923;12.4;0;0
NEU;20140924;12.3;0;0
NEU;20140925;13.4;0;0
NEU;20140926;13.2;0;-1
NEU;20140927;15.0;0;0
NEU;20140928;15.2;0;0
NEU;20140929;16.4;0;0
NEU;20140930;16.3;0;0
NEU;20141001;16.4;0;0
NEU;20141002;16.7;0;0
NEU;20141003;15.3;0;0
NEU;20141004;14.8;0;0
NEU;20141005;14.4;0;0
NEU;20141006;14.5;0;0
NEU;20141007;15.0;0;0
NEU;20141008;14.9;0;0
NEU;20141009;15.9;0;0
NEU;20141010;16.1;0;0
NEU;20141011;15.2;0;0
NEU;20141012;14.0;0;0
NEU;20141013;14.0;0;0
NEU;20141014;13.4;0;0
NEU;20141015;14.0;0;0
NEU;20141016;14.5;0;0
NEU;20141017;16.3;0;0
NEU;20141018;13.2;0;0
NEU;20141019;15.3;0;0
NEU;20141020;16.3;0;0
NEU;20141021;14.7;0;0
NEU;20141022;6.6;0;0
NEU;20141023;8.1;0;0
NEU;20141024;7.8;0;0
NEU;20141025;10.1;0;0
NEU;20141026;10.4;0;0
NEU;20141027;10.2;0;0
NEU;20141028;9.9;0;0
NEU;20141029;9.7;0;0
NEU;20141030;11.0;0;0
NEU;20141031;10.0;0;0
NEU;20141101;9.5;0;0
NEU;20141102;9.6;0;0
NEU;20141103;9.3;0;0
NEU;20141104;9.1;0;0
NEU;20141105;5.2;0;0
NEU;20141106;5.5;0;0
NEU;20141107;7.1;0;0
NEU;20141108;7.6;0;0
NEU;20141109;7.4;0;0
NEU;20141110;8.2;0;0
NEU;20141111;7.0;0;0
NEU;20141112;8.0;0;0
NEU;20141113;8.6;0;0
NEU;20141114;6.5;0;0
NEU;20141115;7.9;0;0
NEU;20141116;8.9;0;0
NEU;20141117;6.6;0;0
NEU;20141118;6.6;0;0
NEU;20141119;6.8;0;0
NEU;20141120;4.8;0;0
NEU;20141121;6.2;0;0
NEU;20141122;6.3;0;0
NEU;20141123;6.5;0;0
NEU;20141124;8.5;0;0
NEU;20141125;8.7;0;0
NEU;20141126;8.6;0;0
NEU;20141127;8.1;0;0
NEU;20141128;6.1;0;0
NEU;20141129;3.9;0;0
NEU;20141130;3.8;0;0
NEU;20141201;3.5;0;0
NEU;20141202;3.9;0;0
NEU;20141203;4.4;0;0
NEU;20141204;4.5;0;0
NEU;20141205;3.9;0;0
NEU;20141206;3.8;0;0
NEU;20141207;4.2;0;0
NEU;20141208;4.6;0;0
NEU;20141209;2.5;0;0
NEU;20141210;2.6;0;0
NEU;20141211;5.2;0;0
NEU;20141212;6.6;0;0
NEU;20141213;7.0;0;0
NEU;20141214;6.7;0;0
NEU;20141215;7.9;0;0
NEU;20141216;6.4;0;0
NEU;20141217;5.1;0;0
NEU;20141218;7.4;0;0
NEU;20141219;9.8;0;0
NEU;20141220;7.5;0;0
NEU;20141221;4.7;0;0
NEU;20141222;5.3;0;0
NEU;20141223;5.3;0;0
NEU;20141224;6.8;0;0
NEU;20141225;5.9;0;0
NEU;20141226;2.1;0;0
NEU;20141227;1.3;0;0
NEU;20141228;-1.2;0;0
NEU;20141229;-4.4;0;0
NEU;20141230;-1.7;0;0
NEU;20141231;0.1;0;0
NEU;20150101;-2.0;0;0
NEU;20150102;1.5;0;0
NEU;20150103;5.4;0;0
NEU;20150104;5.9;0;0
NEU;20150105;0.3;0;0
NEU;20150106;-0.1;0;0
NEU;20150107;1.2;0;0
NEU;20150108;5.1;0;0
NEU;20150109;7.4;0;0
NEU;20150110;11.3;0;0
NEU;20150111;5.4;0;0
NEU;20150112;3.8;0;0
NEU;20150113;6.1;0;0
NEU;20150114;7.2;0;0
NEU;20150115;6.0;0;0
NEU;20150116;4.1;0;0
NEU;20150117;2.6;0;0
NEU;20150118;-0.1;0;0
NEU;20150119;0.3;0;0
NEU;20150120;1.1;0;0
NEU;20150121;1.1;0;0
NEU;20150122;1.1;0;0
NEU;20150123;1.0;0;0
NEU;20150124;1.0;0;0
NEU;20150125;0.9;0;0
NEU;20150126;-0.3;0;0
NEU;20150127;2.1;0;0
NEU;20150128;1.1;0;0
NEU;20150129;2.7;0;0
NEU;20150130;0.7;0;0
NEU;20150131;0.7;0;0
NEU;20150201;0.4;0;0
NEU;20150202;0.4;0;0
NEU;20150203;-1.3;0;0
NEU;20150204;-1.3;0;0
NEU;20150205;-2.2;0;0
NEU;20150206;-1.5;0;0
NEU;20150207;-2.9;0;0
NEU;20150208;-1.1;0;0
NEU;20150209;0.5;0;0
NEU;20150210;1.7;0;0
NEU;20150211;0.3;0;0
NEU;20150212;-0.9;0;0
NEU;20150213;0.8;0;0
NEU;20150214;3.6;0;0
NEU;20150215;3.8;0;0
NEU;20150216;-0.2;0;0
NEU;20150217;0.0;0;0
NEU;20150218;0.0;0;0
NEU;20150219;1.1;0;0
NEU;20150220;3.4;0;0
NEU;20150221;2.8;0;0
NEU;20150222;1.7;0;0
NEU;20150223;2.4;0;0
NEU;20150224;4.0;0;0
NEU;20150225;3.5;0;0
NEU;20150226;2.9;0;0
NEU;20150227;3.8;0;0
NEU;20150228;3.0;0;0
NEU;20150301;5.4;0;0
NEU;20150302;7.7;0;0
NEU;20150303;6.7;0;0
NEU;20150304;4.2;0;0
NEU;20150305;3.9;0;0
NEU;20150306;4.8;0;0
NEU;20150307;4.7;0;0
NEU;20150308;7.1;0;0
NEU;20150309;9.2;0;0
NEU;20150310;8.4;0;0
NEU;20150311;9.5;0;0
NEU;20150312;6.8;0;0
NEU;20150313;5.2;0;0
NEU;20150314;5.7;0;0
NEU;20150315;4.8;0;0
NEU;20150316;7.3;0;0
NEU;20150317;8.7;0;0
NEU;20150318;10.4;0;0
NEU;20150319;11.7;0;0
NEU;20150320;9.8;0;0
NEU;20150321;7.5;0;0
NEU;20150322;5.3;0;0
NEU;20150323;7.1;0;0
NEU;20150324;9.0;0;0
NEU;20150325;7.3;0;0
NEU;20150326;6.2;0;0
NEU;20150327;7.7;0;0
NEU;20150328;6.3;0;0
NEU;20150329;8.6;0;0
NEU;20150330;10.2;0;0
NEU;20150331;10.5;0;0
NEU;20150401;6.0;0;0
NEU;20150402;5.3;0;0
NEU;20150403;4.7;0;0
NEU;20150404;5.9;0;0
NEU;20150405;4.7;0;0
NEU;20150406;5.6;0;0
NEU;20150407;7.0;0;0
NEU;20150408;9.1;0;0
NEU;20150409;10.7;0;0
NEU;20150410;12.8;0;0
NEU;20150411;12.3;0;0
NEU;20150412;13.0;0;0
NEU;20150413;14.3;0;0
NEU;20150414;14.3;0;0
NEU;20150415;14.4;0;0
NEU;20150416;12.6;0;0
NEU;20150417;11.9;0;0
NEU;20150418;9.6;0;0
NEU;20150419;10.1;0;0
NEU;20150420;13.1;0;0
NEU;20150421;15.4;0;0
NEU;20150422;15.0;0;0
NEU;20150423;13.7;0;0
NEU;20150424;14.1;0;0
NEU;20150425;13.3;0;0
NEU;20150426;13.4;0;0
NEU;20150427;14.0;0;0
NEU;20150428;8.5;0;0
NEU;20150429;9.6;0;0
NEU;20150430;12.0;0;0
NEU;20150501;11.7;0;0
NEU;20150502;13.4;0;0
NEU;20150503;14.3;0;0
NEU;20150504;15.8;0;0
NEU;20150505;14.9;0;0
NEU;20150506;14.1;0;0
NEU;20150507;13.9;0;0
NEU;20150508;12.9;0;0
NEU;20150509;15.3;0;0
NEU;20150510;15.7;0;0
NEU;20150511;16.9;0;0
NEU;20150512;19.9;0;-1
NEU;20150513;22.4;0;0
NEU;20150514;17.6;0;0
NEU;20150515;7.5;0;0
NEU;20150516;13.1;0;0
NEU;20150517;15.7;0;0
NEU;20150518;16.5;0;0
NEU;20150519;13.9;0;0
NEU;20150520;10.3;0;0
NEU;20150521;9.6;0;0
NEU;20150522;12.3;0;0
NEU;20150523;14.4;0;0
NEU;20150524;16.3;0;0
NEU;20150525;14.9;0;0
NEU;20150526;12.2;0;0
NEU;20150527;12.7;0;0
NEU;20150528;15.0;0;0
NEU;20150529;17.4;0;0
NEU;20150530;16.4;0;0
NEU;20150531;17.8;0;0
NEU;20150601;18.3;0;0
NEU;20150602;19.9;0;0
NEU;20150603;21.4;0;0
NEU;20150604;23.2;0;0
NEU;20150605;23.2;0;0
NEU;20150606;22.7;0;0
NEU;20150607;22.3;0;0
NEU;20150608;20.1;0;0
NEU;20150609;15.8;0;0
NEU;20150610;16.8;0;0
NEU;20150611;20.4;0;0
NEU;20150612;20.7;0;0
NEU;20150613;20.8;0;0
NEU;20150614;17.8;0;0
NEU;20150615;16.4;0;0
NEU;20150616;17.0;0;0
NEU;20150617;17.7;0;0
NEU;20150618;16.9;0;0
NEU;20150619;17.3;0;0
NEU;20150620;15.8;0;0
NEU;20150621;16.5;0;0
NEU;20150622;18.8;0;0
NEU;20150623;15.4;0;0
NEU;20150624;16.8;0;0
NEU;20150625;18.5;0;0
NEU;20150626;20.0;0;0
NEU;20150627;21.1;0;0
NEU;20150628;21.6;0;0
NEU;20150629;22.0;0;0
NEU;20150630;24.4;0;0
NEU;20150701;25.2;0;0
NEU;20150702;27.1;0;0
NEU;20150703;27.9;0;0
NEU;20150704;28.8;0;0
NEU;20150705;28.6;0;0
NEU;20150706;26.8;0;0
NEU;20150707;28.4;0;0
NEU;20150708;21.2;0;0
NEU;20150709;19.6;0;0
NEU;20150710;21.9;0;0
NEU;20150711;24.9;0;0
NEU;20150712;23.7;0;0
NEU;20150713;23.9;0;0
NEU;20150714;24.3;0;0
NEU;20150715;25.0;0;0
NEU;20150716;26.4;0;0
NEU;20150717;25.8;0;0
NEU;20150718;22.9;0;0
NEU;20150719;25.5;0;0
NEU;20150720;25.5;0;0
NEU;20150721;27.1;0;0
NEU;20150722;25.4;0;0
NEU;20150723;22.4;0;0
NEU;20150724;23.6;0;0
NEU;20150725;19.9;0;0
NEU;20150726;16.7;0;0
NEU;20150727;20.0;0;0
NEU;20150728;19.4;0;0
NEU;20150729;16.3;0;0
NEU;20150730;16.8;0;-1
NEU;20150731;19.2;0;0
NEU;20150801;16.4;0;0
NEU;20150802;20.0;0;0
NEU;20150803;22.7;0;0
NEU;20150804;21.4;0;0
NEU;20150805;23.2;0;0
NEU;20150806;25.9;0;0
NEU;20150807;27.7;0;0
NEU;20150808;25.4;0;0
NEU;20150809;22.0;0;0
NEU;20150810;21.5;0;0
NEU;20150811;24.4;0;0
NEU;20150812;25.4;0;0
NEU;20150813;22.7;0;0
NEU;20150814;18.0;0;0
NEU;20150815;16.8;0;0
NEU;20150816;15.9;0;0
NEU;20150817;17.5;0;0
NEU;20150818;17.4;0;0
NEU;20150819;15.7;0;0
NEU;20150820;17.1;0;0
NEU;20150821;19.9;0;0
NEU;20150822;19.8;0;0
NEU;20150823;17.6;0;0
NEU;20150824;16.4;0;0
NEU;20150825;16.7;0;0
NEU;20150826;17.6;0;0
NEU;20150827;21.5;0;0
NEU;20150828;24.2;0;0
NEU;20150829;23.5;0;0
NEU;20150830;24.5;0;0
NEU;20150831;24.4;0;0
NEU;20150901;19.6;0;0
NEU;20150902;18.3;0;0
NEU;20150903;17.4;0;0
NEU;20150904;16.4;0;0
NEU;20150905;14.5;0;0
NEU;20150906;14.0;0;0
NEU;20150907;14.4;0;0
NEU;20150908;15.9;0;0
NEU;20150909;16.6;0;0
NEU;20150910;15.1;0;0
NEU;20150911;14.6;0;0
NEU;20150912;16.7;0;0
NEU;20150913;16.9;0;0
NEU;20150914;15.2;0;0
NEU;20150915;15.1;0;0
NEU;20150916;16.4;0;-1
NEU;20150917;13.8;0;0
NEU;20150918;12.9;0;0
NEU;20150919;13.4;0;0
NEU;20150920;14.4;0;0
NEU;20150921;13.2;0;0
NEU;20150922;13.4;0;0
NEU;20150923;10.6;0;0
NEU;20150924;12.6;0;0
NEU;20150925;13.5;0;0
NEU;20150926;14.4;0;0
NEU;20150927;14.1;0;0
NEU;20150928;12.5;0;0
NEU;20150929;12.3;0;0
NEU;20150930;10.9;0;0
NEU;20151001;10.4;0;0
NEU;20151002;11.9;0;0
NEU;20151003;13.4;0;0
NEU;20151004;12.7;0;0
NEU;20151005;13.9;0;0
NEU;20151006;14.6;0;0
NEU;20151007;13.4;0;0
NEU;20151008;11.8;0;0
NEU;20151009;13.0;0;-1
NEU;20151010;11.2;0;0
NEU;20151011;12.0;0;0
NEU;20151012;11.5;0;0
NEU;20151013;10.1;0;0
NEU;20151014;7.1;0;0
NEU;20151015;5.2;0;-1
NEU;20151016;5.5;0;0
NEU;20151017;6.2;0;0
NEU;20151018;7.4;0;0
NEU;20151019;8.2;0;0
NEU;20151020;7.4;0;0
NEU;20151021;7.8;0;0
NEU;20151022;7.4;0;0
NEU;20151023;10.2;0;0
NEU;20151024;10.8;0;0
NEU;20151025;12.3;0;0
NEU;20151026;9.5;0;0
NEU;20151027;9.9;0;0
NEU;20151028;9.6;0;0
NEU;20151029;10.2;0;0
NEU;20151030;10.6;0;0
NEU;20151031;9.4;0;0
NEU;20151101;8.2;0;0
NEU;20151102;7.2;0;0
NEU;20151103;6.3;0;0
NEU;20151104;8.9;0;0
NEU;20151105;8.6;0;0
NEU;20151106;10.6;0;0
NEU;20151107;12.1;0;0
NEU;20151108;11.4;0;0
NEU;20151109;14.0;0;0
NEU;20151110;11.2;0;0
NEU;20151111;8.0;0;0
NEU;20151112;6.9;0;-1
NEU;20151113;8.3;0;0
NEU;20151114;11.8;0;0
NEU;20151115;12.7;0;0
NEU;20151116;11.6;0;0
NEU;20151117;12.6;0;0
NEU;20151118;13.6;0;0
NEU;20151119;13.0;0;0
NEU;20151120;11.6;0;0
NEU;20151121;3.7;0;-1
NEU;20151122;2.4;0;0
NEU;20151123;1.5;0;0
NEU;20151124;0.7;0;0
NEU;20151125;3.2;0;0
NEU;20151126;3.5;0;0
NEU;20151127;2.5;0;0
NEU;20151128;3.0;0;0
NEU;20151129;4.6;0;0
NEU;20151130;8.9;0;0
NEU;20151201;8.1;0;0
NEU;20151202;3.2;0;0
NEU;20151203;2.2;0;0
NEU;20151204;4.1;0;0
NEU;20151205;4.1;0;0
NEU;20151206;6.5;0;0
NEU;20151207;4.6;0;0
NEU;20151208;4.4;0;0
NEU;20151209;7.0;0;-1
NEU;20151210;1.8;0;0
NEU;20151211;2.4;0;0
NEU;20151212;3.1;0;0
NEU;20151213;1.4;0;0
NEU;20151214;1.3;0;0
NEU;20151215;2.3;0;0
NEU;20151216;6.9;0;0
NEU;20151217;5.1;0;0
NEU;20151218;5.5;0;0
NEU;20151219;4.8;0;0
NEU;20151220;4.7;0;0
NEU;20151221;8.3;0;0
NEU;20151222;7.4;0;0
NEU;20151223;8.0;0;0
NEU;20151224;5.4;0;0
NEU;20151225;5.7;0;0
NEU;20151226;3.1;0;0
NEU;20151227;2.2;0;0
NEU;20151228;1.2;0;0
NEU;20151229;2.4;0;0
NEU;20151230;3.9;0;0
NEU;20151231;5.3;0;0
NEU;20160101;5.1;0;-1
NEU;20160102;4.9;0;0
NEU;20160103;4.7;0;0
NEU;20160104;5.6;0;0
NEU;20160105;6.1;0;0
NEU;20160106;5.1;0;0
NEU;20160107;5.1;0;0
NEU;20160108;4.7;0;0
NEU;20160109;5.4;0;0
NEU;20160110;5.9;0;0
NEU;20160111;5.8;0;0
NEU;20160112;4.3;0;0
NEU;20160113;2.8;0;0
NEU;20160114;0.5;0;0
NEU;20160115;1.3;0;0
NEU;20160116;0.5;0;-1
NEU;20160117;-0.9;0;0
NEU;20160118;-4.9;0;0
NEU;20160119;-2.0;0;0
NEU;20160120;1.0;0;0
NEU;20160121;1.2;0;0
NEU;20160122;1.5;0;0
NEU;20160123;5.3;0;0
NEU;20160124;2.5;0;0
NEU;20160125;3.2;0;0
NEU;20160126;4.8;0;0
NEU;20160127;5.1;0;0
NEU;20160128;8.5;0;0
NEU;20160129;9.3;0;0
NEU;20160130;7.7;0;0
NEU;20160131;8.4;0;0
NEU;20160201;10.5;0;0
NEU;20160202;9.2;0;0
NEU;20160203;5.1;0;0
NEU;20160204;3.1;0;0
NEU;20160205;5.4;0;0
NEU;20160206;3.1;0;0
NEU;20160207;3.5;0;0
NEU;20160208;6.9;0;0
NEU;20160209;7.4;0;0
NEU;20160210;2.4;0;0
NEU;20160211;2.2;0;0
NEU;20160212;1.7;0;0
NEU;20160213;5.1;0;0
NEU;20160214;5.3;0;0
NEU;20160215;2.9;0;0
NEU;20160216;2.6;0;0
NEU;20160217;2.9;0;0
NEU;20160218;4.2;0;0
NEU;20160219;3.4;0;0
NEU;20160220;3.6;0;0
NEU;20160221;11.3;0;0
NEU;20160222;11.2;0;0
NEU;20160223;6.3;0;0
NEU;20160224;0.2;0;0
NEU;20160225;2.9;0;0
NEU;20160226;1.9;0;0
NEU;20160227;2.6;0;0
NEU;20160228;4.1;0;0
NEU;20160229;3.6;0;0
NEU;20160301;4.7;0;0
NEU;20160302;4.6;0;0
NEU;20160303;1.8;0;0
NEU;20160304;2.3;0;0
NEU;20160305;2.7;0;0
NEU;20160306;2.2;0;0
NEU;20160307;1.2;0;0
NEU;20160308;1.7;0;0
NEU;20160309;1.6;0;0
NEU;20160310;4.6;0;0
NEU;20160311;6.5;0;0
NEU;20160312;6.1;0;0
NEU;20160313;5.6;0;0
NEU;20160314;4.9;0;0
NEU;20160315;3.4;0;0
NEU;20160316;3.5;0;0
NEU;20160317;6.1;0;0
NEU;20160318;7.0;0;0
NEU;20160319;7.9;0;0
NEU;20160320;6.6;0;0
NEU;20160321;6.0;0;0
NEU;20160322;6.9;0;0
NEU;20160323;5.8;0;0
NEU;20160324;7.2;0;0
NEU;20160325;6.7;0;0
NEU;20160326;9.1;0;0
NEU;20160327;7.2;0;0
NEU;20160328;8.3;0;0
NEU;20160329;10.6;0;0
NEU;20160330;13.2;0;0
NEU;20160331;13.0;0;0
NEU;20160401;11.7;0;0
NEU;20160402;10.2;0;0
NEU;20160403;11.9;0;0
NEU;20160404;13.1;0;0
NEU;20160405;11.0;0;0
NEU;20160406;10.8;0;0
NEU;20160407;9.0;0;0
NEU;20160408;6.7;0;0
NEU;20160409;6.4;0;0
NEU;20160410;9.5;0;0
NEU;20160411;11.0;0;0
NEU;20160412;12.6;0;0
NEU;20160413;9.3;0;0
NEU;20160414;10.7;0;0
NEU;20160415;11.1;0;0
NEU;20160416;12.5;0;0
NEU;20160417;8.8;0;0
NEU;20160418;5.9;0;0
NEU;20160419;9.6;0;0
NEU;20160420;12.9;0;0
NEU;20160421;14.2;0;-1
NEU;20160422;14.6;0;0
NEU;20160423;9.4;0;0
NEU;20160424;5.4;0;0
NEU;20160425;5.2;0;0
NEU;20160426;6.4;0;0
NEU;20160427;4.0;0;0
NEU;20160428;6.0;0;0
NEU;20160429;8.7;0;0
NEU;20160430;8.2;0;0
NEU;20160501;6.4;0;0
NEU;20160502;10.7;0;0
NEU;20160503;10.2;0;0
NEU;20160504;10.8;0;0
NEU;20160505;13.4;0;0
NEU;20160506;14.1;0;0
NEU;20160507;16.1;0;0
NEU;20160508;17.0;0;0
NEU;20160509;17.0;0;0
NEU;20160510;17.6;0;0
NEU;20160511;15.5;0;0
NEU;20160512;11.4;0;0
NEU;20160513;11.5;0;0
NEU;20160514;12.6;0;0
NEU;20160515;9.5;0;0
NEU;20160516;9.5;0;0
NEU;20160517;11.5;0;0
NEU;20160518;13.2;0;0
NEU;20160519;9.7;0;0
NEU;20160520;12.3;0;0
NEU;20160521;15.8;0;0
NEU;20160522;16.0;0;0
NEU;20160523;8.8;0;0
NEU;20160524;11.3;0;0
NEU;20160525;13.1;0;0
NEU;20160526;15.9;0;-1
NEU;20160527;19.8;0;0
NEU;20160528;17.6;0;0
NEU;20160529;14.5;0;0
NEU;20160530;13.0;0;0
NEU;20160531;13.3;0;0
NEU;20160601;14.7;0;0
NEU;20160602;13.8;0;0
NEU;20160603;14.5;0;0
NEU;20160604;15.3;0;0
NEU;20160605;15.9;0;0
NEU;20160606;17.9;0;0
NEU;20160607;18.3;0;0
NEU;20160608;16.2;0;0
NEU;20160609;16.6;0;0
NEU;20160610;17.7;0;0
NEU;20160611;15.4;0;0
NEU;20160612;15.0;0;0
NEU;20160613;14.5;0;0
NEU;20160614;14.8;0;0
NEU;20160615;15.2;0;-10
NEU;20160616;13.1;0;0
NEU;20160617;13.4;0;0
NEU;20160618;14.1;0;0
NEU;20160619;13.8;0;0
NEU;20160620;16.2;0;0
NEU;20160621;16.4;0;0
NEU;20160622;21.5;0;0
NEU;20160623;23.9;0;0
NEU;20160624;25.1;0;0
NEU;20160625;18.8;0;0
NEU;20160626;17.4;0;-1
NEU;20160627;18.3;0;0
NEU;20160628;19.5;0;0
NEU;20160629;22.4;0;0
NEU;20160630;20.4;0;0
NEU;20160701;21.5;0;0
NEU;20160702;18.4;0;0
NEU;20160703;17.9;0;0
NEU;20160704;19.6;0;0
NEU;20160705;21.3;0;0
NEU;20160706;20.8;0;0
NEU;20160707;21.4;0;0
NEU;20160708;23.3;0;0
NEU;20160709;24.5;0;0
NEU;20160710;24.9;0;0
NEU;20160711;22.5;0;0
NEU;20160712;17.1;0;0
NEU;20160713;15.1;0;0
NEU;20160714;13.0;0;0
NEU;20160715;14.6;0;0
NEU;20160716;17.6;0;0
NEU;20160717;20.9;0;0
NEU;20160718;22.7;0;0
NEU;20160719;23.9;0;0
NEU;20160720;25.2;0;0
NEU;20160721;22.7;0;0
NEU;20160722;19.7;0;-1
NEU;20160723;20.1;0;0
NEU;20160724;21.4;0;0
NEU;20160725;22.6;0;0
NEU;20160726;23.2;0;0
NEU;20160727;21.5;0;0
NEU;20160728;21.1;0;0
NEU;20160729;23.0;0;0
NEU;20160730;22.5;0;0
NEU;20160731;20.0;0;0
NEU;20160801;19.7;0;0
NEU;20160802;20.7;0;0
NEU;20160803;23.0;0;0
NEU;20160804;19.4;0;0
NEU;20160805;16.1;0;0
NEU;20160806;17.8;0;0
NEU;20160807;20.7;0;0
NEU;20160808;21.3;0;0
NEU;20160809;17.6;0;0
NEU;20160810;15.9;0;0
NEU;20160811;16.2;0;0
NEU;20160812;19.5;0;0
NEU;20160813;20.5;0;0
NEU;20160814;23.0;0;0
NEU;20160815;22.5;0;-1
NEU;20160816;22.8;0;0
NEU;20160817;20.9;0;0
NEU;20160818;18.7;0;0
NEU;20160819;19.8;0;0
NEU;20160820;17.9;0;0
NEU;20160821;17.1;0;0
NEU;20160822;18.0;0;0
NEU;20160823;22.0;0;0
NEU;20160824;22.7;0;0
NEU;20160825;23.8;0;0
NEU;20160826;25.1;0;0
NEU;20160827;25.0;0;0
NEU;20160828;25.6;0;0
NEU;20160829;21.6;0;0
NEU;20160830;21.7;0;0
NEU;20160831;20.8;0;0
NEU;20160901;21.3;0;0
NEU;20160902;21.4;0;0
NEU;20160903;21.2;0;0
NEU;20160904;18.6;0;0
NEU;20160905;17.1;0;0
NEU;20160906;18.3;0;0
NEU;20160907;18.9;0;0
NEU;20160908;21.3;0;0
NEU;20160909;21.6;0;0
NEU;20160910;21.1;0;0
NEU;20160911;21.7;0;0
NEU;20160912;21.1;0;0
NEU;20160913;21.8;0;0
NEU;20160914;22.3;0;0
NEU;20160915;17.8;0;0
NEU;20160916;14.6;0;0
NEU;20160917;14.0;0;0
NEU;20160918;13.4;0;0
NEU;20160919;14.9;0;0
NEU;20160920;14.9;0;0
NEU;20160921;14.2;0;0
NEU;20160922;13.4;0;0
NEU;20160923;15.0;0;0
NEU;20160924;14.9;0;0
NEU;20160925;16.4;0;0
NEU;20160926;17.1;0;0
NEU;20160927;17.0;0;0
NEU;20160928;15.6;0;0
NEU;20160929;17.6;0;0
NEU;20160930;18.3;0;0
NEU;20161001;14.6;0;0
NEU;20161002;13.6;0;0
NEU;20161003;11.9;0;0
NEU;20161004;12.5;0;0
NEU;20161005;10.3;0;0
NEU;20161006;8.8;0;0
NEU;20161007;9.6;0;0
NEU;20161008;9.2;0;0
NEU;20161009;6.9;0;0
NEU;20161010;7.2;0;0
NEU;20161011;7.8;0;0
NEU;20161012;7.4;0;0
NEU;20161013;6.5;0;0
NEU;20161014;8.4;0;0
NEU;20161015;11.5;0;0
NEU;20161016;9.0;0;0
NEU;20161017;11.0;0;0
NEU;20161018;12.2;0;0
NEU;20161019;10.1;0;0
NEU;20161020;9.1;0;0
NEU;20161021;8.4;0;0
NEU;20161022;6.3;0;0
NEU;20161023;6.9;0;0
NEU;20161024;10.1;0;0
NEU;20161025;12.6;0;0
NEU;20161026;13.0;0;0
NEU;20161027;11.1;0;0
NEU;20161028;6.8;0;0
NEU;20161029;8.6;0;0
NEU;20161030;10.9;0;0
NEU;20161031;7.7;0;0
NEU;20161101;7.8;0;0
NEU;20161102;10.9;0;0
NEU;20161103;8.0;0;0
NEU;20161104;6.9;0;0
NEU;20161105;10.0;0;0
NEU;20161106;4.8;0;0
NEU;20161107;2.9;0;0
NEU;20161108;0.8;0;0
NEU;20161109;3.0;0;0
NEU;20161110;5.3;0;0
NEU;20161111;4.6;0;0
NEU;20161112;3.5;0;0
NEU;20161113;3.3;0;0
NEU;20161114;2.5;0;0
NEU;20161115;4.2;0;0
NEU;20161116;6.8;0;0
NEU;20161117;9.6;0;0
NEU;20161118;9.9;0;0
NEU;20161119;6.1;0;0
NEU;20161120;6.2;0;0
NEU;20161121;6.2;0;0
NEU;20161122;8.7;0;0
NEU;20161123;8.1;0;0
NEU;20161124;6.9;0;0
NEU;20161125;6.9;0;0
NEU;20161126;6.2;0;0
NEU;20161127;6.2;0;-1
NEU;20161128;3.5;0;0
NEU;20161129;-0.4;0;0
NEU;20161130;-0.3;0;0
NEU;20161201;-0.4;0;0
NEU;20161202;2.3;0;0
NEU;20161203;3.4;0;0
NEU;20161204;1.2;0;0
NEU;20161205;0.0;0;0
NEU;20161206;0.0;0;0
NEU;20161207;-0.2;0;-1
NEU;20161208;0.8;0;0
NEU;20161209;1.0;0;0
NEU;20161210;0.5;0;-1
NEU;20161211;0.2;0;0
NEU;20161212;2.0;0;0
NEU;20161213;1.6;0;0
NEU;20161214;1.5;0;0
NEU;20161215;0.3;0;0
NEU;20161216;-1.2;0;0
NEU;20161217;-1.2;0;0
NEU;20161218;-0.6;0;0
NEU;20161219;1.9;0;0
NEU;20161220;0.6;0;0
NEU;20161221;-0.1;0;0
NEU;20161222;0.9;0;0
NEU;20161223;2.9;0;0
NEU;20161224;5.1;0;0
NEU;20161225;7.7;0;0
NEU;20161226;6.2;0;0
NEU;20161227;4.6;0;0
NEU;20161228;3.4;0;0
NEU;20161229;0.2;0;0
NEU;20161230;-1.2;0;0
NEU;20161231;-1.5;0;0

